0000001000010010
0000001100110100
0000000000000000
0000000100000000
0000010000000000
0000010100000000
0000011000000101
0000011100000111
0000100000000000
0000100100000000
0000101000010000
0000101100100000
0000110000000000
0000110100000000
0000111011110000
0000111100001111
0010000000000000
0010000100000000
0010010001010101
0010011110101010
0010100000000000
0010101000000000
0010110000000000
0010111000000000
0011000000000000
0011000100000000
0011010011111111
0011011000001111
0011100000000000
0011100100000000
0011101000000000
0011101100000000
0100000000000000
0100000100000000
0100001000000000
0100001100000000
0100100000000000
